[gd_scene load_steps=5 format=3 uid="uid://dc6yagpfystdl"]

[ext_resource type="Script" path="res://levels/test_scene/TestSceneController.gd" id="1_40tnf"]
[ext_resource type="PackedScene" uid="uid://d3bqcl4qj66ua" path="res://levels/TestLevel.tscn" id="2_dggku"]
[ext_resource type="PackedScene" uid="uid://ggxqscmbpasw" path="res://components/characters/player/Player.tscn" id="3_hm0kb"]

[sub_resource type="NavigationMesh" id="NavigationMesh_36xms"]
vertices = PackedVector3Array(-9.5, 0.5, -9.5, -9.5, 0.5, 9.5, 9.5, 0.5, 9.5, 9.5, 0.5, -9.5)
polygons = [PackedInt32Array(3, 2, 0), PackedInt32Array(0, 2, 1)]

[node name="TestSceneController" type="Node3D"]
script = ExtResource("1_40tnf")

[node name="NavigationRegion3D" type="NavigationRegion3D" parent="."]
navigation_mesh = SubResource("NavigationMesh_36xms")

[node name="TestLevel" parent="NavigationRegion3D" instance=ExtResource("2_dggku")]

[node name="Bob" parent="." instance=ExtResource("3_hm0kb")]
transform = Transform3D(-0.96612, 0, 0.258094, 0, 1, 0, -0.258094, 0, -0.96612, 5, 1.142, 2.08165e-12)

[node name="Steve" parent="." instance=ExtResource("3_hm0kb")]
transform = Transform3D(-0.141264, 0, -0.989972, 0, 1, 0, 0.989972, 0, -0.141264, -3.12678, 1.12405, 0)

[node name="Camera3D" type="Camera3D" parent="."]
transform = Transform3D(1, -3.48787e-16, 3.48787e-16, 1.60117e-16, 0.89835, 0.439281, -4.66548e-16, -0.439281, 0.89835, 2.08165e-12, 4.79033, 9.094)
