[gd_scene format=3 uid="uid://dsjrwdx3gvmg3"]

[node name="rig" type="Node3D"]

[node name="Skeleton3D" type="Skeleton3D" parent="."]
bones/0/name = "DEF-spine"
bones/0/parent = -1
bones/0/rest = Transform3D(1, -1.77636e-15, 2.38419e-07, 4.89302e-08, 0.978714, -0.205228, -2.33344e-07, 0.205228, 0.978714, 0, 0.923277, 0.0148727)
bones/0/enabled = true
bones/0/position = Vector3(0, 0.923277, 0.0148727)
bones/0/rotation = Quaternion(0.103165, 1.18573e-07, 1.22982e-08, 0.994664)
bones/0/scale = Vector3(1, 1, 1)
bones/1/name = "DEF-spine.001"
bones/1/parent = 0
bones/1/rest = Transform3D(1, 1.54788e-08, 5.03073e-10, -1.54788e-08, 0.99789, 0.0649226, 5.02909e-10, -0.0649226, 0.99789, 0, 0.10485, 0)
bones/1/enabled = true
bones/1/position = Vector3(0, 0.10485, 0)
bones/1/rotation = Quaternion(-0.0324784, 4.10182e-14, -7.74346e-09, 0.999472)
bones/1/scale = Vector3(1, 1, 1)
bones/2/name = "DEF-spine.002"
bones/2/parent = 1
bones/2/rest = Transform3D(1, 4.11693e-08, 3.58137e-09, -4.11693e-08, 0.984978, 0.172677, 3.58141e-09, -0.172677, 0.984979, 8.88178e-16, 0.103828, 3.72529e-09)
bones/2/enabled = true
bones/2/position = Vector3(8.88178e-16, 0.103828, 3.72529e-09)
bones/2/rotation = Quaternion(-0.0866644, -9.67547e-15, -2.06624e-08, 0.996238)
bones/2/scale = Vector3(1, 1, 1)
bones/3/name = "DEF-spine.003"
bones/3/parent = 2
bones/3/rest = Transform3D(1, 1.85313e-08, 7.21204e-10, -1.85313e-08, 0.996975, 0.0777257, 7.21333e-10, -0.0777257, 0.996975, -8.88178e-16, 0.150928, 3.72529e-09)
bones/3/enabled = true
bones/3/position = Vector3(-8.88178e-16, 0.150928, 3.72529e-09)
bones/3/rotation = Quaternion(-0.0388923, -3.23158e-14, -9.27264e-09, 0.999243)
bones/3/scale = Vector3(1, 1, 1)
bones/4/name = "DEF-spine.004"
bones/4/parent = 3
bones/4/rest = Transform3D(1, 3.85804e-08, 3.14225e-09, -3.85805e-08, 0.986821, 0.161818, 3.14218e-09, -0.161818, 0.98682, 1.24998e-16, 0.179632, -1.86265e-09)
bones/4/enabled = true
bones/4/position = Vector3(1.24998e-16, 0.179632, -1.86265e-09)
bones/4/rotation = Quaternion(-0.081177, 1.7187e-14, -1.93541e-08, 0.9967)
bones/4/scale = Vector3(1, 1, 1)
bones/5/name = "DEF-spine.005"
bones/5/parent = 4
bones/5/rest = Transform3D(1, -1.14182e-07, 2.912e-08, 1.14182e-07, 0.877862, -0.478913, 2.91199e-08, 0.478913, 0.877862, 4.53279e-15, 0.0531844, 8.3819e-09)
bones/5/enabled = true
bones/5/position = Vector3(4.53279e-15, 0.0531844, 8.3819e-09)
bones/5/rotation = Quaternion(0.247121, 3.04599e-14, 5.89183e-08, 0.968985)
bones/5/scale = Vector3(1, 1, 1)
bones/6/name = "DEF-spine.006"
bones/6/parent = 5
bones/6/rest = Transform3D(1, -1.29032e-08, 3.49325e-10, 1.29032e-08, 0.998534, -0.0541198, 3.49504e-10, 0.0541198, 0.998534, 1.33462e-16, 0.0497994, -5.58794e-09)
bones/6/enabled = true
bones/6/position = Vector3(1.33462e-16, 0.0497994, -5.58794e-09)
bones/6/rotation = Quaternion(0.0270698, -4.48857e-14, 6.45395e-09, 0.999634)
bones/6/scale = Vector3(1, 1, 1)
bones/7/name = "DEF-shoulder.L"
bones/7/parent = 3
bones/7/rest = Transform3D(0.632514, 0.774548, 0.000565946, -0.0848968, 0.0686024, 0.994025, 0.769882, -0.628783, 0.109149, 0.0159756, 0.148751, 0.0591485)
bones/7/enabled = true
bones/7/position = Vector3(0.0159756, 0.148751, 0.0591485)
bones/7/rotation = Quaternion(-0.603068, -0.285893, -0.319387, 0.672731)
bones/7/scale = Vector3(1, 1, 1)
bones/8/name = "DEF-upper_arm.L"
bones/8/parent = 7
bones/8/rest = Transform3D(-0.456841, 0.335238, 0.823961, -0.678377, 0.467872, -0.566481, -0.575414, -0.817748, 0.0136747, 0.0257889, 0.179491, -0.0206763)
bones/8/enabled = true
bones/8/position = Vector3(0.0257889, 0.179491, -0.0206763)
bones/8/rotation = Quaternion(-0.12411, 0.691202, -0.50066, 0.506139)
bones/8/scale = Vector3(1, 1, 1)
bones/9/name = "DEF-upper_arm.L.001"
bones/9/parent = 8
bones/9/rest = Transform3D(1, -2.86847e-07, 3.25497e-07, 2.86847e-07, 1, -9.49948e-08, -3.25497e-07, 9.4995e-08, 1, 4.29573e-08, 0.126722, -9.31323e-10)
bones/9/enabled = true
bones/9/position = Vector3(4.29573e-08, 0.126722, -9.31323e-10)
bones/9/rotation = Quaternion(4.74975e-08, 1.62749e-07, 1.43424e-07, 1)
bones/9/scale = Vector3(1, 1, 1)
bones/10/name = "DEF-forearm.L"
bones/10/parent = 9
bones/10/rest = Transform3D(1, -2.02005e-08, -1.48209e-05, -1.09751e-06, 0.997152, -0.0754104, 1.47802e-05, 0.0754104, 0.997152, 7.15954e-08, 0.126722, -9.31323e-10)
bones/10/enabled = true
bones/10/position = Vector3(7.15954e-08, 0.126722, -9.31323e-10)
bones/10/rotation = Quaternion(0.0377321, -7.40556e-06, -2.69519e-07, 0.999288)
bones/10/scale = Vector3(1, 1, 1)
bones/11/name = "DEF-forearm.L.001"
bones/11/parent = 10
bones/11/rest = Transform3D(1, -7.57398e-07, 9.16421e-07, 7.57398e-07, 1, -2.79362e-09, -9.16421e-07, 2.79432e-09, 1, 1.05181e-07, 0.11086, -1.39698e-08)
bones/11/enabled = true
bones/11/position = Vector3(1.05181e-07, 0.11086, -1.39698e-08)
bones/11/rotation = Quaternion(1.39698e-09, 4.58211e-07, 3.78699e-07, 1)
bones/11/scale = Vector3(1, 1, 1)
bones/12/name = "DEF-hand.L"
bones/12/parent = 11
bones/12/rest = Transform3D(0.997905, -0.0646971, -1.75391e-06, 0.0645483, 0.995608, 0.0678081, -0.00438524, -0.0676661, 0.997698, -9.51695e-09, 0.110859, 7.45058e-09)
bones/12/enabled = true
bones/12/position = Vector3(-9.51695e-09, 0.110859, 7.45058e-09)
bones/12/rotation = Quaternion(-0.0339058, 0.00109708, 0.0323469, 0.998901)
bones/12/scale = Vector3(1, 1, 1)
bones/13/name = "DEF-shoulder.R"
bones/13/parent = 3
bones/13/rest = Transform3D(0.632515, -0.774548, -0.000566065, 0.0848969, 0.0686024, 0.994025, -0.769881, -0.628784, 0.109149, -0.0159756, 0.148751, 0.0591485)
bones/13/enabled = true
bones/13/position = Vector3(-0.0159756, 0.148751, 0.0591485)
bones/13/rotation = Quaternion(-0.603068, 0.285893, 0.319387, 0.672731)
bones/13/scale = Vector3(1, 1, 1)
bones/14/name = "DEF-upper_arm.R"
bones/14/parent = 13
bones/14/rest = Transform3D(-0.45684, -0.335238, -0.823962, 0.678377, 0.467872, -0.566481, 0.575415, -0.817748, 0.0136747, -0.0257889, 0.179491, -0.0206763)
bones/14/enabled = true
bones/14/position = Vector3(-0.0257889, 0.179491, -0.0206763)
bones/14/rotation = Quaternion(-0.12411, -0.691202, 0.50066, 0.506139)
bones/14/scale = Vector3(1, 1, 1)
bones/15/name = "DEF-upper_arm.R.001"
bones/15/parent = 14
bones/15/rest = Transform3D(1, 1.7928e-08, -3.77186e-08, -1.7928e-08, 1, -1.02445e-08, 3.77186e-08, 1.02445e-08, 1, -1.01689e-07, 0.126722, 2.79397e-09)
bones/15/enabled = true
bones/15/position = Vector3(-1.01689e-07, 0.126722, 2.79397e-09)
bones/15/rotation = Quaternion(5.12227e-09, -1.88593e-08, -8.96398e-09, 1)
bones/15/scale = Vector3(1, 1, 1)
bones/16/name = "DEF-forearm.R"
bones/16/parent = 15
bones/16/rest = Transform3D(1, 3.42551e-07, 1.42776e-05, 7.35104e-07, 0.997152, -0.0754104, -1.42628e-05, 0.0754104, 0.997153, -3.60887e-08, 0.126722, 1.86265e-09)
bones/16/enabled = true
bones/16/position = Vector3(-3.60887e-08, 0.126722, 1.86265e-09)
bones/16/rotation = Quaternion(0.0377321, 7.14018e-06, 9.82081e-08, 0.999288)
bones/16/scale = Vector3(1, 1, 1)
bones/17/name = "DEF-forearm.R.001"
bones/17/parent = 16
bones/17/rest = Transform3D(1, 5.40167e-07, -6.51926e-07, -5.40167e-07, 1, -6.7055e-08, 6.51926e-07, 6.70554e-08, 1, 4.3714e-08, 0.110859, 4.65661e-09)
bones/17/enabled = true
bones/17/position = Vector3(4.3714e-08, 0.110859, 4.65661e-09)
bones/17/rotation = Quaternion(3.35276e-08, -3.25963e-07, -2.70084e-07, 1)
bones/17/scale = Vector3(1, 1, 1)
bones/18/name = "DEF-hand.R"
bones/18/parent = 17
bones/18/rest = Transform3D(0.997905, 0.0646968, 1.77836e-06, -0.0645481, 0.995608, 0.0678078, 0.00438518, -0.0676659, 0.997698, 4.1211e-08, 0.110859, 2.79397e-09)
bones/18/enabled = true
bones/18/position = Vector3(4.1211e-08, 0.110859, 2.79397e-09)
bones/18/rotation = Quaternion(-0.0339057, -0.00109706, -0.0323468, 0.998901)
bones/18/scale = Vector3(1, 1, 1)
bones/19/name = "DEF-pelvis.L"
bones/19/parent = 0
bones/19/rest = Transform3D(-0.326529, 0.601189, -0.729349, -0.105733, 0.743568, 0.660247, 0.939255, 0.292706, -0.179231, -4.44089e-16, 9.31323e-09, 2.79397e-09)
bones/19/enabled = true
bones/19/position = Vector3(-4.44089e-16, 9.31323e-09, 2.79397e-09)
bones/19/rotation = Quaternion(-0.165177, -0.749888, -0.317698, 0.556284)
bones/19/scale = Vector3(1, 1, 1)
bones/20/name = "DEF-pelvis.R"
bones/20/parent = 0
bones/20/rest = Transform3D(-0.326528, -0.60119, 0.729349, 0.105733, 0.743569, 0.660247, -0.939255, 0.292706, -0.179231, -4.44089e-16, 9.31323e-09, 2.79397e-09)
bones/20/enabled = true
bones/20/position = Vector3(-4.44089e-16, 9.31323e-09, 2.79397e-09)
bones/20/rotation = Quaternion(-0.165177, 0.749888, 0.317698, 0.556285)
bones/20/scale = Vector3(1, 1, 1)
bones/21/name = "DEF-thigh.L"
bones/21/parent = 0
bones/21/rest = Transform3D(1, -7.57313e-08, -8.75132e-09, -7.59318e-08, -0.979202, -0.202884, 6.79541e-09, 0.202885, -0.979198, 0.0821861, 0.0323928, 0.00448421)
bones/21/enabled = true
bones/21/position = Vector3(0.0821861, 0.0323928, 0.00448421)
bones/21/rotation = Quaternion(0.994787, -3.81145e-08, -4.91548e-10, 0.101974)
bones/21/scale = Vector3(1, 1, 0.999996)
bones/22/name = "DEF-thigh.L.001"
bones/22/parent = 21
bones/22/rest = Transform3D(1, 2.73598e-08, -2.02283e-14, -2.73598e-08, 1, -2.22353e-08, 1.96199e-14, 2.22353e-08, 1, 3.35891e-09, 0.196764, -5.81698e-10)
bones/22/enabled = true
bones/22/position = Vector3(3.35891e-09, 0.196764, -5.81698e-10)
bones/22/rotation = Quaternion(1.11177e-08, -9.96206e-15, -1.36799e-08, 1)
bones/22/scale = Vector3(1, 1, 1)
bones/23/name = "DEF-shin.L"
bones/23/parent = 22
bones/23/rest = Transform3D(1, 1.61477e-08, 2.73976e-09, -1.59291e-08, 0.997775, -0.0666686, -3.81021e-09, 0.0666686, 0.997775, 1.72825e-09, 0.196764, -1.51302e-09)
bones/23/enabled = true
bones/23/position = Vector3(1.72825e-09, 0.196764, -1.51302e-09)
bones/23/rotation = Quaternion(0.0333528, 1.6384e-09, -8.02367e-09, 0.999444)
bones/23/scale = Vector3(1, 1, 1)
bones/24/name = "DEF-shin.L.001"
bones/24/parent = 23
bones/24/rest = Transform3D(1, -1.8302e-15, 9.4369e-16, 1.8302e-15, 1, 8.63569e-31, -9.4369e-16, 8.63569e-31, 1, 3.29743e-09, 0.235837, 1.78323e-09)
bones/24/enabled = true
bones/24/position = Vector3(3.29743e-09, 0.235837, 1.78323e-09)
bones/24/rotation = Quaternion(0, 4.71845e-16, 9.15098e-16, 1)
bones/24/scale = Vector3(1, 1, 1)
bones/25/name = "DEF-foot.L"
bones/25/parent = 24
bones/25/rest = Transform3D(1, -2.12865e-07, -0.00073136, 0.000651558, 0.454489, 0.890752, 0.000332206, -0.890752, 0.454489, -4.15315e-09, 0.235837, -7.9412e-11)
bones/25/enabled = true
bones/25/position = Vector3(-4.15315e-09, 0.235837, -7.9412e-11)
bones/25/rotation = Quaternion(-0.52226, -0.000311791, 0.000191071, 0.852786)
bones/25/scale = Vector3(1, 1, 1)
bones/26/name = "DEF-toe.L"
bones/26/parent = 25
bones/26/rest = Transform3D(-1, -0.000376645, -0.000281965, -0.000177687, 0.857241, -0.514916, 0.000435652, -0.514916, -0.857241, -5.8435e-09, 0.135346, -7.17409e-09)
bones/26/enabled = true
bones/26/position = Vector3(-5.8435e-09, 0.135346, -7.17409e-09)
bones/26/rotation = Quaternion(-0.000143811, 0.963649, -0.26717, -0.000186172)
bones/26/scale = Vector3(1, 1, 1)
bones/27/name = "DEF-thigh.R"
bones/27/parent = 0
bones/27/rest = Transform3D(1, -7.57314e-08, 4.75667e-07, 2.23498e-08, -0.979202, -0.202884, 4.8114e-07, 0.202885, -0.979199, -0.0821861, 0.0323928, 0.00448418)
bones/27/enabled = true
bones/27/position = Vector3(-0.0821861, 0.0323928, 0.00448418)
bones/27/rotation = Quaternion(0.994787, -1.34153e-08, 2.40456e-07, 0.101974)
bones/27/scale = Vector3(1, 1, 0.999996)
bones/28/name = "DEF-thigh.R.001"
bones/28/parent = 27
bones/28/rest = Transform3D(1, 2.73597e-08, 2.05426e-14, -2.73597e-08, 1, -5.20377e-08, -2.19664e-14, 5.20377e-08, 1, -7.54815e-09, 0.196764, 3.49335e-09)
bones/28/enabled = true
bones/28/position = Vector3(-7.54815e-09, 0.196764, 3.49335e-09)
bones/28/rotation = Quaternion(2.60188e-08, 1.06272e-14, -1.36799e-08, 1)
bones/28/scale = Vector3(1, 1, 1)
bones/29/name = "DEF-shin.R"
bones/29/parent = 28
bones/29/rest = Transform3D(1, -1.61477e-08, -2.73975e-09, 1.59291e-08, 0.997775, -0.0666685, 3.8102e-09, 0.0666685, 0.997775, -9.17883e-09, 0.196764, -4.64775e-10)
bones/29/enabled = true
bones/29/position = Vector3(-9.17883e-09, 0.196764, -4.64775e-10)
bones/29/rotation = Quaternion(0.0333528, -1.6384e-09, 8.02367e-09, 0.999444)
bones/29/scale = Vector3(1, 1, 1)
bones/30/name = "DEF-shin.R.001"
bones/30/parent = 29
bones/30/rest = Transform3D(1, 1.88494e-15, 9.60343e-15, -1.88494e-15, 1, -1.49012e-08, -9.60343e-15, 1.49012e-08, 1, -1.0748e-08, 0.235837, 8.5242e-10)
bones/30/enabled = true
bones/30/position = Vector3(-1.0748e-08, 0.235837, 8.5242e-10)
bones/30/rotation = Quaternion(7.45058e-09, 4.80171e-15, -9.42469e-16, 1)
bones/30/scale = Vector3(1, 1, 1)
bones/31/name = "DEF-foot.R"
bones/31/parent = 30
bones/31/rest = Transform3D(1, 2.12836e-07, -0.000733485, 0.000653256, 0.454489, 0.890752, 0.00033355, -0.890752, 0.454489, -1.0748e-08, 0.235837, 1.31808e-09)
bones/31/enabled = true
bones/31/position = Vector3(-1.0748e-08, 0.235837, 1.31808e-09)
bones/31/rotation = Quaternion(-0.52226, -0.000312808, 0.000191444, 0.852786)
bones/31/scale = Vector3(1, 1, 1)
bones/32/name = "DEF-toe.R"
bones/32/parent = 31
bones/32/rest = Transform3D(-1, -0.000377627, -0.000283362, -0.00017781, 0.857241, -0.514916, 0.000437355, -0.514916, -0.857241, 1.09148e-08, 0.135346, 1.09139e-11)
bones/32/enabled = true
bones/32/position = Vector3(1.09148e-08, 0.135346, 1.09139e-11)
bones/32/rotation = Quaternion(-0.000144097, 0.963649, -0.26717, -0.000186976)
bones/32/scale = Vector3(1, 1, 1)
